                                                   The REG Procedure                                                    
                                                     Model: MODEL1                                                      
                                            Dependent Variable: Value_Score                                             

Source                 DF  Sum of Squares  Mean Square   F Value    Pr > F
---------------  --------  --------------  -----------  --------  --------
Model                   3         3.58532      1.19511    229.73    <.0001
Error                  50         0.26011      0.00520                    
Corrected Total        53         3.84543                                 

Root MSE           0.07213    R-Square            0.9324
Dependent Mean       1.35352    Adj R-Sq            0.9283
Coeff Var          5.32878

                             Parameter Estimates                             

Variable                     DF  Estimate  Standard Error   t Value  Pr > |t|
---------------------  --------  --------  --------------  --------  --------
Intercept                     1   1.24443         0.09273     13.42    <.0001
Cost_Mile                     1  -2.04325         0.10471    -19.51    <.0001
Road_Test_Score               1   0.01138         0.00123      9.25    <.0001
Predicted_Reliability         1   0.16510         0.01016     16.26    <.0001

        Durbin-Watson Test         

Statistic                     Value
-------------------------  --------
Durbin-Watson D              1.3028
1st Order Autocorrelation    0.3486

                                                   The REG Procedure                                                    
                                                     Model: MODEL1                                                      
                                            Dependent Variable: Value_Score                                             

Source                 DF  Sum of Squares  Mean Square   F Value    Pr > F
---------------  --------  --------------  -----------  --------  --------
Model                   3         3.58532      1.19511    229.73    <.0001
Error                  50         0.26011      0.00520                    
Corrected Total        53         3.84543                                 

Root MSE           0.07213    R-Square            0.9324
Dependent Mean       1.35352    Adj R-Sq            0.9283
Coeff Var          5.32878

                             Parameter Estimates                             

Variable                     DF  Estimate  Standard Error   t Value  Pr > |t|
---------------------  --------  --------  --------------  --------  --------
Intercept                     1   1.24443         0.09273     13.42    <.0001
Cost_Mile                     1  -2.04325         0.10471    -19.51    <.0001
Road_Test_Score               1   0.01138         0.00123      9.25    <.0001
Predicted_Reliability         1   0.16510         0.01016     16.26    <.0001

                Output Statistics                 

     Obs  Dep Var Value_Score  Predicted  Residual
--------  -------------------  ---------  --------
       1               1.9900     1.8022    0.1878
       2               1.9400     1.8902    0.0498
       3               1.8900     1.7523    0.1377
       4               1.8200     1.8038    0.0162
       5               1.6400     1.5670    0.0730
       6               1.5100     1.5821   -0.0721
       7               1.3200     1.3829   -0.0629
       8               1.3000     1.2858    0.0142
       9               1.2500     1.3083   -0.0583
      10               1.2400     1.3190   -0.0790
      11               1.1800     1.3266   -0.1466
      12               0.9600     1.0071   -0.0471
      13               0.9100     0.9686   -0.0586
      14               1.7500     1.7346    0.0154
      15               1.7300     1.6413    0.0887
      16               1.7300     1.6436    0.0864
      17               1.7000     1.7384   -0.0384
      18               1.6200     1.6708   -0.0508
      19               1.6000     1.5503    0.0497
      20               1.5800     1.6081   -0.0281
      21               1.5500     1.6048   -0.0548
      22               1.4800     1.4170    0.0630
      23               1.4300     1.3894    0.0406
      24               1.4200     1.4460   -0.0260
      25               1.4200     1.5531   -0.1331
      26               1.3900     1.4037   -0.0137
      27               1.3600     1.3947   -0.0347
      28               1.3400     1.3144    0.0256
      29               1.3200     1.3074    0.0126
      30               1.2900     1.2902   -0.0002
      31               1.2000     1.3151   -0.1151
      32               1.2000     1.2313   -0.0313
      33               1.0500     1.0875   -0.0375
      34               1.4500     1.5320   -0.0820
      35               1.4100     1.4704   -0.0604
      36               1.4000     1.4932   -0.0932
      37               1.3700     1.3917   -0.0217
      38               1.3600     1.3167    0.0433
      39               1.3500     1.3264    0.0236
      40               1.3300     1.3715   -0.0415
      41               1.2700     1.2266    0.0434
      42               1.2200     1.1927    0.0273
      43               1.1800     1.2280   -0.0480
      44               1.1700     1.0903    0.0797
      45               1.1400     1.1226    0.0174
      46               1.1200     1.1463   -0.0263
      47               1.1000     1.0016    0.0984
      48               1.0800     1.0515    0.0285
      49               1.0700     0.9765    0.0935
      50               1.0600     1.0227    0.0373
      51               1.0400     0.9199    0.1201
      52               1.0400     1.0160    0.0240
      53               1.0000     1.0945   -0.0945
      54               0.8200     0.7615    0.0585

                Output Statistics                 

     Obs  RStudent    DFFITS  Cook's D  Hat Diag H
--------  --------  --------  --------  ----------
       1    2.9711    1.0539  0.240109      0.1118
       2    0.7309    0.2655  0.017786      0.1166
       3    2.0660    0.6500  0.099138      0.0901
       4    0.2359    0.0854  0.001857      0.1158
       5    1.0469    0.2713  0.018363      0.0629
       6   -1.0210   -0.2110  0.011124      0.0410
       7   -0.8863   -0.1745  0.007644      0.0373
       8    0.2043    0.0629  0.001008      0.0866
       9   -0.8646   -0.3346  0.028139      0.1303
      10   -1.1560   -0.3770  0.035290      0.0961
      11   -2.2199   -0.7201  0.120187      0.0952
      12   -0.7015   -0.2839  0.020354      0.1407
      13   -0.8704   -0.3410  0.029208      0.1330
      14    0.2215    0.0707  0.001275      0.0925
      15    1.2645    0.2669  0.017592      0.0426
      16    1.2320    0.2678  0.017751      0.0451
      17   -0.5488   -0.1548  0.006075      0.0737
      18   -0.7182   -0.1617  0.006601      0.0482
      19    0.7000    0.1431  0.005173      0.0401
      20   -0.4074   -0.1375  0.004809      0.1023
      21   -0.7728   -0.1571  0.006218      0.0397
      22    0.8870    0.1665  0.006964      0.0341
      23    0.5691    0.1058  0.002838      0.0334
      24   -0.3623   -0.0584  0.000868      0.0253
      25   -1.9715   -0.5566  0.073224      0.0738
      26   -0.1947   -0.0493  0.000620      0.0603
      27   -0.4937   -0.1304  0.004315      0.0652
      28    0.3588    0.0698  0.001239      0.0365
      29    0.1764    0.0359  0.000328      0.0397
      30   -0.0029   -0.0007  0.000000      0.0497
      31   -1.6471   -0.2891  0.020208      0.0299
      32   -0.5282   -0.3756  0.035792      0.3358
      33   -0.5402   -0.1657  0.006960      0.0860
      34   -1.2003   -0.3911  0.037913      0.0960
      35   -0.8710   -0.2559  0.016454      0.0795
      36   -1.3568   -0.3952  0.038407      0.0782
      37   -0.3040   -0.0613  0.000957      0.0391
      38    0.6087    0.1231  0.003834      0.0393
      39    0.3294    0.0610  0.000948      0.0332
      40   -0.5997   -0.1903  0.009176      0.0915
      41    0.6113    0.1291  0.004219      0.0427
      42    0.3916    0.1163  0.003437      0.0810
      43   -0.6798   -0.1589  0.006383      0.0518
      44    1.1372    0.2616  0.017004      0.0502
      45    0.2467    0.0605  0.000931      0.0566
      46   -0.3752   -0.1058  0.002850      0.0737
      47    1.4226    0.3641  0.032483      0.0615
      48    0.4014    0.0907  0.002092      0.0486
      49    1.3561    0.3758  0.034717      0.0713
      50    0.5304    0.1382  0.004846      0.0636
      51    1.7816    0.5535  0.073412      0.0880
      52    0.3427    0.0957  0.002332      0.0724
      53   -1.3578   -0.3234  0.025706      0.0537
      54    0.8607    0.3128  0.024596      0.1167


  Obs           Size   Price  Cost_Mile  Road_Test_Score  Predicted_Reliability  Value_Score     STRSID   STDELRES  COOKSDIS     LEVER
-----  -------------  ------  ---------  ---------------  ---------------------  -----------  ---------  ---------  --------  --------
    1  Small_Sedan    16.419       0.44               70                      4         1.99   2.762696   2.971083  0.240109   0.11177
    2  Small_Sedan    18.895        0.5               74                      5         1.94   0.734303   0.730875  0.017786  0.116562
    3  Small_Sedan    18.404       0.47               71                      4         1.89   2.001658   2.066047  0.099138  0.090061
    4  Small_Sedan    19.745       0.52               70                      5         1.82   0.238166   0.235906  0.001857  0.115762
    5  Small_Sedan    18.445       0.53               80                      3         1.64   1.045874   1.046877  0.018363  0.062924
    6  Small_Sedan     20.15       0.57               74                      4         1.51  -1.020606   -1.02104  0.011124  0.040966
    7  Small_Sedan     19.04       0.57               71                      3         1.32  -0.888175  -0.886268  0.007644  0.037312
    8  Small_Sedan     20.28       0.52               68                      2          1.3    0.20626   0.204274  0.001008  0.086598
    9  Small_Sedan    16.595       0.47               61                      2         1.25   -0.86682  -0.864629  0.028139  0.130284
   10  Small_Sedan      20.3       0.54               60                      3         1.24  -1.152139  -1.156008   0.03529   0.09612
   11  Small_Sedan      25.1        0.5               68                      2         1.18  -2.137499  -2.219869  0.120187  0.095204
   12  Small_Sedan    18.375       0.57               67                      1         0.96  -0.705054  -0.701464  0.020354  0.140733
   13  Small_Sedan     20.53        0.6               69                      1         0.91  -0.872515  -0.870397  0.029208  0.133048
   14  Family_Sedan    23.97       0.59               91                      4         1.75   0.223662   0.221525  0.001275  0.092548
   15  Family_Sedan   21.885       0.58               81                      4         1.73   1.256948   1.264452  0.017592  0.042639
   16  Family_Sedan    23.83       0.59               83                      4         1.73   1.225649   1.231979  0.017751  0.045132
   17  Family_Sedan    32.36       0.63               84                      5          1.7    -0.5527  -0.548824  0.006075  0.073682
   18  Family_Sedan    23.73       0.56               80                      4         1.62  -0.721716  -0.718214  0.006601  0.048249
   19  Family_Sedan   22.035       0.58               73                      4          1.6    0.70362   0.700022  0.005173  0.040122
   20  Family_Sedan     21.8       0.56               89                      3         1.58  -0.410801   -0.40736  0.004809  0.102325
   21  Family_Sedan   23.625       0.57               76                      4         1.55   -0.77592  -0.772788  0.006218  0.039671
   22  Family_Sedan   24.115       0.57               74                      3         1.48   0.888944   0.887047  0.006964  0.034051
   23  Family_Sedan    29.05       0.72               84                      4         1.43   0.572962   0.569075  0.002838  0.033429
   24  Family_Sedan     28.4       0.67               80                      4         1.42  -0.365496  -0.362307  0.000868  0.025342
   25  Family_Sedan   30.335       0.69               93                      4         1.42  -1.916961  -1.971526  0.073224  0.073821
   26  Family_Sedan    28.09       0.66               89                      3         1.39  -0.196624  -0.194723   0.00062  0.060296
   27  Family_Sedan   28.695       0.67               90                      3         1.36  -0.497483  -0.493706  0.004315  0.065199
   28  Family_Sedan    30.79       0.74               81                      4         1.34   0.361939   0.358771  0.001239  0.036456
   29  Family_Sedan   30.055       0.71               75                      4         1.32   0.178118   0.176383  0.000328  0.039684
   30  Family_Sedan   30.094       0.71               88                      3         1.29  -0.002958  -0.002928         0  0.049686
   31  Family_Sedan   28.045       0.67               83                      3          1.2  -1.619559  -1.647065  0.020208  0.029896
   32  Family_Sedan   27.825        0.7               52                      5          1.2  -0.532085  -0.528235  0.035792   0.33585
   33  Family_Sedan   28.995       0.67               63                      3         1.05  -0.544017   -0.54015   0.00696  0.085985
   34  Upscale_Sedan  38.615       0.77               91                      5         1.45  -1.195029  -1.200284  0.037913  0.095998
   35  Upscale_Sedan  36.465       0.75               82                      5         1.41  -0.873156  -0.871046  0.016454  0.079467
   36  Upscale_Sedan  33.734       0.75               84                      5          1.4   -1.34556  -1.356829  0.038407  0.078217
   37  Upscale_Sedan  34.225       0.73               86                      4         1.37  -0.306815  -0.304018  0.000957  0.039085
   38  Upscale_Sedan  38.939       0.75               83                      4         1.36   0.612532   0.608664  0.003834  0.039266
   39  Upscale_Sedan  29.675       0.67               84                      3         1.35   0.332352   0.329376  0.000948  0.033195
   40  Upscale_Sedan  37.225       0.79               95                      4         1.33  -0.603536  -0.599659  0.009176  0.091537
   41  Upscale_Sedan  35.485       0.73               86                      3         1.27   0.615153   0.611288  0.004219  0.042697
   42  Upscale_Sedan   39.85       0.78               92                      3         1.22   0.394995   0.391637  0.003437  0.080979
   43  Upscale_Sedan    35.1       0.76               77                      4         1.18  -0.683474  -0.679788  0.006383   0.05182
   44  Upscale_Sedan    33.7       0.78               83                      3         1.17   1.133925   1.137246  0.017004  0.050239
   45  Upscale_Sedan   28.84       0.65               77                      2         1.14   0.249061    0.24671  0.000931  0.056638
   46  Upscale_Sedan   37.16        0.8               77                      4         1.12  -0.378468  -0.375202   0.00285   0.07372
   47  Upscale_Sedan  39.175       0.79               77                      3          1.1   1.408249   1.422593  0.032483  0.061489
   48  Upscale_Sedan  35.895       0.76               76                      3         1.08     0.4048    0.40139  0.002092   0.04858
   49  Upscale_Sedan   34.98       0.78               73                      3         1.07   1.344826   1.356061  0.034717  0.071309
   50  Upscale_Sedan  32.135       0.71               79                      2         1.06    0.53426   0.530407  0.004846  0.063594
   51  Upscale_Sedan  37.325       0.83               77                      3         1.04   1.744086   1.781601  0.073412  0.088037
   52  Upscale_Sedan   32.68       0.73               82                      2         1.04   0.345813   0.342747  0.002332  0.072366
   53  Upscale_Sedan  31.615        0.7               69                      3            1  -1.346524  -1.357838  0.025706  0.053668
   54  Upscale_Sedan  37.555       0.81               74                      2         0.82   0.862975   0.860736  0.024596   0.11669

                                                   The REG Procedure                                                    
                                                     Model: MODEL1                                                      
                                            Dependent Variable: Value_Score                                             

Source                 DF  Sum of Squares  Mean Square   F Value    Pr > F
---------------  --------  --------------  -----------  --------  --------
Model                   3         1.60681      0.53560     11.96    <.0001
Error                  50         2.23862      0.04477                    
Corrected Total        53         3.84543                                 

Root MSE           0.21159    R-Square            0.4178
Dependent Mean       1.35352    Adj R-Sq            0.3829
Coeff Var         15.63295

                                                    Parameter Estimates                                                    

Variable                     DF  Estimate  Standard Error   t Value  Pr > |t|  95% Confidence Limits  95% Confidence Limits
---------------------  --------  --------  --------------  --------  --------  ---------------------  ---------------------
Intercept                     1   0.84212         0.88424      0.95    0.3455               -0.93392                2.61817
Road_Test_Score               1  -0.00102         0.01195     -0.09    0.9322               -0.02502                0.02297
Predicted_Reliability         1   0.11508         0.23891      0.48    0.6321               -0.36478                0.59493
RTS_PR                        1   0.00074         0.00320      0.23    0.8175               -0.00569                0.00717

                                    Output Statistics                                     

     Obs  Dep Var Value_Score  Predicted  Residual      LCLM      UCLM       LCL       UCL
--------  -------------------  ---------  --------  --------  --------  --------  --------
       1               1.9900     1.4389    0.5511    1.3459    1.5318    1.0038    1.8739
       2               1.9400     1.6167    0.3233    1.4969    1.7365    1.1752    2.0583
       3               1.8900     1.4408    0.4492    1.3526    1.5291    1.0068    1.8749
       4               1.8200     1.6060    0.2140    1.4663    1.7456    1.1586    2.0533
       5               1.6400     1.2839    0.3561    1.2120    1.3557    0.8529    1.7149
       6               1.5100     1.4467    0.0633    1.3704    1.5229    1.0149    1.8785
       7               1.3200     1.2730    0.0470    1.1979    1.3482    0.8414    1.7046
       8               1.3000     1.1038    0.1962    0.9802    1.2275    0.6612    1.5465
       9               1.2500     1.1006    0.1494    0.9144    1.2868    0.6366    1.5646
      10               1.2400     1.2598   -0.0198    1.1219    1.3976    0.8129    1.7066
      11               1.1800     1.1038    0.0762    0.9802    1.2275    0.6612    1.5465
      12               0.9600     0.9385    0.0215    0.7469    1.1301    0.4723    1.4047
      13               0.9100     0.9380   -0.0280    0.7658    1.1101    0.4794    1.3965
      14               1.7500     1.4798    0.2702    1.3704    1.5893    1.0410    1.9187
      15               1.7300     1.4603    0.2697    1.3911    1.5295    1.0297    1.8909
      16               1.7300     1.4642    0.2658    1.3907    1.5378    1.0329    1.8955
      17               1.7000     1.6436    0.0564    1.5052    1.7821    1.1967    2.0906
      18               1.6200     1.4584    0.1616    1.3903    1.5264    1.0280    1.8888
      19               1.6000     1.4447    0.1553    1.3649    1.5245    1.0123    1.8772
      20               1.5800     1.2947    0.2853    1.1761    1.4134    0.8535    1.7360
      21               1.5500     1.4506    0.0994    1.3798    1.5214    1.0197    1.8814
      22               1.4800     1.2766    0.2034    1.2100    1.3433    0.8465    1.7068
      23               1.4300     1.4662   -0.0362    1.3895    1.5428    1.0343    1.8980
      24               1.4200     1.4584   -0.0384    1.3903    1.5264    1.0280    1.8888
      25               1.4200     1.4837   -0.0637    1.3627    1.6047    1.0418    1.9256
      26               1.3900     1.2947    0.0953    1.1761    1.4134    0.8535    1.7360
      27               1.3600     1.2960    0.0640    1.1708    1.4211    0.8529    1.7390
      28               1.3400     1.4603   -0.1203    1.3911    1.5295    1.0297    1.8909
      29               1.3200     1.4486   -0.1286    1.3754    1.5219    1.0174    1.8799
      30               1.2900     1.2935   -0.0035    1.1811    1.4059    0.8539    1.7332
      31               1.2000     1.2875   -0.0875    1.2033    1.3717    0.8542    1.7208
      32               1.2000     1.5575   -0.3575    1.2528    1.8622    1.0346    2.0804
      33               1.0500     1.2634   -0.2134    1.1452    1.3816    0.8222    1.7045
      34               1.4500     1.6625   -0.2125    1.4686    1.8563    1.1954    2.1296
      35               1.4100     1.6383   -0.2283    1.5111    1.7654    1.1946    2.0819
      36               1.4000     1.6436   -0.2436    1.5052    1.7821    1.1967    2.0906
      37               1.3700     1.4701   -0.1001    1.3857    1.5544    1.0368    1.9034
      38               1.3600     1.4642   -0.1042    1.3907    1.5378    1.0329    1.8955
      39               1.3500     1.2887    0.0613    1.1994    1.3780    0.8544    1.7230
      40               1.3300     1.4876   -0.1576    1.3545    1.6207    1.0423    1.9330
      41               1.2700     1.2911   -0.0211    1.1908    1.3915    0.8544    1.7278
      42               1.2200     1.2984   -0.0784    1.1600    1.4368    0.8514    1.7453
      43               1.1800     1.4525   -0.2725    1.3835    1.5215    1.0220    1.8831
      44               1.1700     1.2875   -0.1175    1.2033    1.3717    0.8542    1.7208
      45               1.1400     1.1080    0.0320    0.9999    1.2161    0.6695    1.5465
      46               1.1200     1.4525   -0.3325    1.3835    1.5215    1.0220    1.8831
      47               1.1000     1.2803   -0.1803    1.2149    1.3457    0.8503    1.7103
      48               1.0800     1.2791   -0.1991    1.2141    1.3440    0.8491    1.7090
      49               1.0700     1.2754   -0.2054    1.2067    1.3442    0.8449    1.7060
      50               1.0600     1.1089   -0.0489    0.9901    1.2278    0.6676    1.5502
      51               1.0400     1.2803   -0.2403    1.2149    1.3457    0.8503    1.7103
      52               1.0400     1.1103   -0.0703    0.9688    1.2518    0.6624    1.5583
      53               1.0000     1.2706   -0.2706    1.1868    1.3544    0.8374    1.7038
      54               0.8200     1.1066   -0.2866    1.0055    1.2077    0.6698    1.5435

