                                                   The REG Procedure                                                    
                                                     Model: MODEL1                                                      
                                                 Dependent Variable: y                                                  

Source                 DF         Sum of Squares           Mean Square   F Value    Pr > F
---------------  --------  ---------------------  --------------------  --------  --------
Model                   3  256220054014632.31250  85406684671544.10938   1099.84    <.0001
Error                  74    5746362657072.43457     77653549419.89777                    
Corrected Total        77  261966416671704.75000                                          

Root MSE      278663.86458    R-Square            0.9781
Dependent Mean  1160684.12821    Adj R-Sq            0.9772
Coeff Var         24.00859

                         Parameter Estimates                          

Variable         DF       Estimate  Standard Error   t Value  Pr > |t|
---------  --------  -------------  --------------  --------  --------
Intercept         1  -832471.21154    179638.27445     -4.63    <.0001
x1                1        0.83842         0.02728     30.74    <.0001
x2                1   858851.83203    191745.10662      4.48    <.0001
x6                1      553.52737       273.38783      2.02    0.0465

        Summary of Forward Selection Selection        

    Step  Variable Entered/Removed  Variable    Pr > F
--------  ------------------------  --------  --------
       1  Entered                   x1          <.0001
       2  Entered                   x2          <.0001
       3  Entered                   x6          0.0465

                                                   The REG Procedure                                                    
                                                     Model: MODEL2                                                      
                                                 Dependent Variable: y                                                  

Source                 DF         Sum of Squares            Mean Square   F Value    Pr > F
---------------  --------  ---------------------  ---------------------  --------  --------
Model                   2  255901721382892.62500  127950860691446.31250   1582.32    <.0001
Error                  75    6064695288812.11523      80862603850.82822                    
Corrected Total        77  261966416671704.75000                                           

Root MSE      284363.50654    R-Square            0.9768
Dependent Mean  1160684.12821    Adj R-Sq            0.9762
Coeff Var         24.49965

                         Parameter Estimates                          

Variable         DF       Estimate  Standard Error   t Value  Pr > |t|
---------  --------  -------------  --------------  --------  --------
Intercept         1  -832433.80707    183312.49888     -4.54    <.0001
x1                1        0.88401         0.01572     56.25    <.0001
x2                1   928685.83070    192475.35179      4.82    <.0001

      Summary of Backward Elimination Selection       

    Step  Variable Entered/Removed  Variable    Pr > F
--------  ------------------------  --------  --------
       1  Removed                   x9          0.9879
       2  Removed                   x4          0.8293
       3  Removed                   x11         0.5511
       4  Removed                   x3          0.6094
       5  Removed                   x14         0.3724
       6  Removed                   x12         0.3478
       7  Removed                   x6          0.3391
       8  Removed                   x7          0.1976
       9  Removed                   x10         0.1947
      10  Removed                   x8          0.0981
      11  Removed                   x13         0.0810
      12  Removed                   x5          0.1673

                                                   The REG Procedure                                                    
                                                     Model: MODEL3                                                      
                                                 Dependent Variable: y                                                  

Source                 DF         Sum of Squares           Mean Square   F Value    Pr > F
---------------  --------  ---------------------  --------------------  --------  --------
Model                   3  256220054014632.31250  85406684671544.10938   1099.84    <.0001
Error                  74    5746362657072.43457     77653549419.89777                    
Corrected Total        77  261966416671704.75000                                          

Root MSE      278663.86458    R-Square            0.9781
Dependent Mean  1160684.12821    Adj R-Sq            0.9772
Coeff Var         24.00859

                         Parameter Estimates                          

Variable         DF       Estimate  Standard Error   t Value  Pr > |t|
---------  --------  -------------  --------------  --------  --------
Intercept         1  -832471.21154    179638.27445     -4.63    <.0001
x1                1        0.83842         0.02728     30.74    <.0001
x2                1   858851.83203    191745.10662      4.48    <.0001
x6                1      553.52737       273.38783      2.02    0.0465

       Summary of Stepwise Selection Selection        

    Step  Variable Entered/Removed  Variable    Pr > F
--------  ------------------------  --------  --------
       1  Entered                   x1          <.0001
       2  Entered                   x2          <.0001
       3  Entered                   x6          0.0465

                                                   The REG Procedure                                                    
                                                     Model: MODEL1                                                      
                                                 Dependent Variable: Y                                                  

Source                 DF         Sum of Squares            Mean Square   F Value    Pr > F
---------------  --------  ---------------------  ---------------------  --------  --------
Model                   2  339477840731075.43750  169738920365537.71875   2133.47    <.0001
Error                  97    7717313307042.68066      79559931000.44000                    
Corrected Total        99  347195154038118.12500                                           

Root MSE      282063.70025    R-Square            0.9778
Dependent Mean  1126258.33000    Adj R-Sq            0.9773
Coeff Var         25.04432

                                                Parameter Estimates                                                 

Variable         DF       Estimate  Standard Error   t Value  Pr > |t|  95% Confidence Limits  95% Confidence Limits
---------  --------  -------------  --------------  --------  --------  ---------------------  ---------------------
Intercept         1  -826211.21487    163659.33094     -5.05    <.0001         -1151029.68358          -501392.74615
x1                1        0.90923         0.01392     65.30    <.0001                0.88160                0.93687
x2                1   896117.89480    170783.08537      5.25    <.0001           557160.74548          1235075.04411

                                              Output Statistics                                              

     Obs      Dep Var Y     Predicted       Residual          LCLM          UCLM           LCL            UCL
--------  -------------  ------------  -------------  ------------  ------------  ------------  -------------
       1    362916.0000   367330.1942     -4414.1942   306709.3441   427951.0444  -195760.8199    930421.2084
       2    152056.0000   110136.2926     41919.7074    42649.0933   177623.4920  -453735.2573    674007.8425
       3    239665.0000   454125.3183   -214460.3183   336458.0839   571792.5526  -117925.5368   1026176.1733
       4   1559368.0000  1650136.2935    -90768.2935  1578371.4880  1721901.0990  1085736.7984   2214535.7886
       5    144062.0000   -85832.3543    229894.3543  -225138.8633    53474.1548  -662723.0772    491058.3686
       6   1187104.0000  1280509.1669    -93405.1669  1197945.6735  1363072.6602   714635.2117   1846383.1221
       7     23665.0000  -144862.0891    168527.0891  -241531.0477   -48193.1305  -712965.5042    423241.3261
       8    169766.0000   198403.0672    -28637.0672   134682.4120   262123.7224  -365030.0917    761836.2262
       9   1082174.0000  1054168.0727     28005.9273   994118.5294  1114217.6161   491138.2775   1617197.8680
      10    433153.0000   381426.6734     51726.3266   305298.2159   457555.1308  -183544.2505    946397.5972
      11    668527.0000   720165.2471    -51638.2471   634528.1809   805802.3133   153834.6813   1286495.8130
      12   1884394.0000  1672644.0197    211749.9803  1560940.0395  1784347.9999  1101789.9386   2243498.1008
      13     81806.0000    42947.2767     38858.7233   -24666.0737   110560.6271  -520939.3855    606833.9390
      14    271936.0000   465758.7521   -193822.7521   352996.8854   578520.6187  -105303.2772   1036820.7814
      15   3299965.0000  2778907.7544    521057.2456  2668260.1815  2889555.3273  2208259.4493   3349556.0595
      16    581641.0000   551535.4940     30105.5060   464218.4392   638852.5489   -15051.5432   1118122.5313
      17    240056.0000    65231.3161    174824.6839   -76123.6636   206586.2959  -512157.4896    642620.1219
      18    332824.0000   308428.0373     24395.9627   245153.7636   371702.3110  -254954.8134    871810.8880
      19    800602.0000   807172.3904     -6570.3904   729597.7414   884747.0393   242004.7791   1372340.0017
      20   1747876.0000  1580467.6913    167408.3087  1481804.1599  1679131.2226  1012021.4800   2148913.9026
      21   6584109.0000  5574866.1904   1009242.8096  5418312.4279  5731419.9529  4993569.6368   6156162.7440
      22   7098108.0000  7484168.8943   -386060.8943  7280725.6946  7687612.0939  6888529.9615   8079807.8270
      23    158315.0000   102789.3497     55525.6503    32760.0245   172818.6749  -461392.1008    666970.8002
      24   1353511.0000  1394352.9934    -40841.9934  1329000.8916  1459705.0952   830732.9973   1957972.9894
      25    371980.0000   489454.8181   -117474.8181   398392.8314   580516.8049   -77721.4227   1056631.0589
      26   4833817.0000  5529649.0909   -695832.0909  5374180.2872  5685117.8946  4948643.7969   6110654.3849
      27    268454.0000   234753.2744     33700.7256   169362.2930   300144.2559  -328871.2311    798377.7799
      28    127306.0000   128397.0175     -1091.0175    64708.9464   192085.0886  -435032.4574    691826.4923
      29    551451.0000   619175.1672    -67724.1672   535968.9501   702381.3843    53207.0786   1185143.2558
      30     76809.0000   156869.0423    -80060.0423    86688.5998   227049.4848  -407331.1857    721069.2702
      31     88982.0000   440905.6705   -351923.6705   288106.8627   593704.4783  -139390.8730   1021202.2140
      32   2558195.0000  2502378.1882     55816.8118  2432500.6977  2572255.6787  1938215.5642   3066540.8123
      33   4765172.0000  4600567.9736    164604.0264  4481061.4932  4720074.4541  4028135.9676   5172999.9797
      34   4770881.0000  6572523.3517  -1801642.3517  6368923.1603  6776123.5431  5976830.7794   7168215.9240
      35    105605.0000    26040.7767     79564.2233   -49073.9594   101155.5128  -538794.4438    590875.9972
      36    138017.0000   138018.8150        -1.8150    74456.8463   201580.7836  -425396.4196    701434.0496
      37    147562.0000   136384.7449     11177.2551    72428.6112   200340.8787  -427075.0937    699844.5836
      38   5411511.0000  4751802.5389    659708.4611  4621346.8012  4882258.2766  4176984.9137   5326620.1640
      39   7622165.0000  7198308.6293    423856.3707  7005353.8591  7391263.3995  6606170.0087   7790447.2499
      40    110463.0000   107380.0233      3082.9767    43304.3171   171455.7295  -456093.4000    670853.4467
      41    607508.0000   582290.2002     25217.7998   497688.6197   666891.7808    16115.2890   1148465.1115
      42    728200.0000   719170.4074      9029.5926   645236.9027   793103.9121   154491.0596   1283849.7552
      43    181587.0000   418021.2660   -236434.2660   297618.8923   538423.6397  -154598.4458    990640.9778
      44    648915.0000   717735.7574    -68820.7574   624087.4959   811384.0189   150138.5414   1285332.9734
      45    122624.0000   412579.5290   -289955.5290   278497.1965   546661.8615  -163071.9929    988231.0508
      46   1367070.0000  1331803.2328     35266.7672  1275058.0396  1388548.4259   769116.2686   1894490.1970
      47    470714.0000   522976.3083    -52262.3083   451492.5175   594460.0991   -41387.5239   1087340.1405
      48     65166.0000   -60118.7067    125284.7067  -146275.9884    26038.5749  -626528.1698    506290.7564
      49    209556.0000   392062.9434   -182506.9434   288779.2951   495346.5916  -177203.3517    961329.2384
      50    138714.0000    45573.0590     93140.9410   -33728.0969   124874.2149  -519834.1182    610980.2362
      51    640477.0000   619417.0142     21059.9858   552601.8361   686232.1923    55625.5006   1183208.5277
      52    496491.0000   479295.8406     17195.1594   341635.3334   616956.3477   -97199.6217   1055791.3028
      53    462902.0000   488797.0730    -25895.0730   425699.1844   551894.9615   -74565.9949   1052160.1409
      54    586811.0000   560005.1057     26805.8943   491488.7484   628521.4631    -3990.5449   1124000.7564
      55    192810.0000   139641.4207     53168.5793    70054.2690   209228.5724  -424485.3154    703768.1568
      56    143128.0000    73453.4251     69674.5749      314.4118   146592.4385  -491122.4493    638029.2996
      57    202496.0000    51075.3774    151420.6226   -57247.1551   159397.9100  -519126.6690    621277.4239
      58     99918.0000    34482.7710     65435.2290   -37497.3085   106462.8505  -529944.1371    598909.6791
      59    258443.0000   208174.3353     50268.6647   138950.6231   277398.0474  -355907.6845    772256.3550
      60    115416.0000   157988.0712    -42572.0712    92715.3914   223260.7509  -405622.7214    721598.8637
      61     84787.0000    40815.0501     43971.9499   -27482.5799   109112.6801  -523154.0705    604784.1707
      62     43673.0000   163502.1432   -119829.1432    86164.1505   240840.1358  -401633.0334    728637.3198
      63    147807.0000   228174.5214    -80367.5214   157270.0665   299078.9763  -336116.2232    792465.2660
      64     45168.0000  -171337.7632    216505.7632  -285184.5739   -57490.9525  -742615.0155    399939.4891
      65    495466.0000   485884.8729      9581.1271   426335.7894   545433.9564   -77091.7661   1048861.5119
      66    150548.0000   105632.0786     44915.9214    37626.3590   173637.7981  -458301.7656    669565.9227
      67    239514.0000   141442.9819     98071.0181    55594.8067   227291.1570  -424919.5450    707805.5088
      68    260643.0000   157581.2129    103061.7871    67378.0551   247784.3707  -409457.7738    724620.1995
      69     77319.0000   -48630.0625    125949.0625  -135450.7748    38190.6499  -615140.8204    517880.6954
      70    836034.0000   841305.8360     -5271.8360   768782.6058   913829.0661   276809.4041   1405802.2678
      71    346763.0000   320486.2401     26276.7599   256939.3667   384033.1135  -242927.2917    883899.7719
      72    359453.0000   442963.8244    -83510.8244   365352.6978   520574.9510  -122208.7950   1008136.4438
      73    480563.0000   507090.5199    -26527.5199   443593.8074   570587.2324   -56317.3565   1070498.3963
      74    201317.0000   326242.7199   -124925.7199   242550.8148   409934.6250  -239796.9763    892282.4161
      75     91664.0000    83907.7571      7756.2429    19334.5976   148480.9165  -479622.4512    647437.9654
      76    546165.0000   525865.3085     20299.6915   464125.8387   587604.7783   -37347.2311   1089077.8482
      77     77624.0000   177671.4510   -100047.4510   103832.9730   251509.9290  -386995.4628    742338.3648
      78    259991.0000   193378.9166     66612.0834   119096.5465   267661.2866  -371346.2141    758104.0472
      79    473202.0000   445854.1379     27347.8621   381893.2730   509815.0027  -117606.2378   1009314.5135
      80    138893.0000   295290.9087   -156397.9087   205080.7381   385501.0794  -271749.1936    862331.0110
      81   1731469.0000  1622208.9714    109260.0286  1554849.0865  1689568.8563  1058352.6450   2186065.2978
      82   2995894.0000  3090799.8367    -94905.8367  3005670.8499  3175928.8236  2524545.8768   3657053.7966
      83   2130044.0000  1955316.5034    174727.4966  1881718.2918  2028914.7151  1390680.9577   2519952.0492
      84    181692.0000   186668.5642     -4976.5642   123825.1865   249511.9419  -376666.0547    750003.1831
      85   2301067.0000  2274938.0371     26128.9629  2208720.6759  2341155.3982  1711217.0585   2838659.0156
      86    257511.0000   481932.7824   -224421.7824   358635.3198   605230.2451   -91302.6553   1055168.2201
      87    113612.0000    63189.1032     50422.8968    -5947.4189   132325.6253  -500882.2233    627260.4297
      88    249056.0000   335229.9139    -86173.9139   260911.0915   409548.7362  -229500.0128    899959.8405
      89    383661.0000   384046.1456      -385.1456   323688.1282   444404.1630  -179016.6333    947108.9245
      90    195676.0000   235544.2951    -39868.2951   170941.7830   300146.8073  -327989.2773    799077.8676
      91    132446.0000   467963.2677   -335517.2677   316148.6434   619777.8920  -112074.9060   1048001.4413
      92   2473264.0000  2400879.8553     72384.1447  2332737.9423  2469021.7683  1836929.5711   2964830.1395
      93   5196216.0000  5692740.3561   -496524.3561  5537170.8839  5848309.8284  5111708.1166   6273772.5957
      94   1571152.0000  1573640.8194     -2488.8194  1514406.8791  1632874.7597  1010697.4276   2136584.2112
      95   3864599.0000  3670299.0707    194299.9293  3574313.2553  3766284.8861  3102311.5009   4238286.6406
      96    646395.0000   625689.4998     20705.5002   550316.3267   701062.6729    60819.8530   1190559.1467
      97    225412.0000   282736.6713    -57324.6713   215447.2626   350026.0800  -281111.2401    846584.5828
      98     63829.0000    84569.3583    -20740.3583    19993.6722   149145.0444  -478961.1395    648099.8561
      99  10270446.0000  9570354.9294    700091.0706  9307546.8837  9833162.9750  8951917.6475  10188792.2112
     100   2140883.0000  2021952.7678    118930.2322  1956467.3859  2087438.1496  1458317.3023   2585588.2333

